	clade	species	ts	te
0	0	Abdounia_africana	64.7979585438222	56.3979268183666
1	0	Abdounia_beaugei	65.1340835299889	30.5912940095111
2	0	Abdounia_biauriculata	65.4673385701888	27.2516846211444
3	0	Abdounia_enniskilleni	52.0542472843777	33.6917679337222
4	0	Abdounia_furimskyi	44.9179996751222	11.2418991011666
5	0	Abdounia_lapierrei	54.1630366270111	33.9249663288555
6	0	Abdounia_lata	39.2699675046	33.7485120442
7	0	Abdounia_minutissima	65.4590725863222	34.6748384979555
8	0	Abdounia_vassilyevae	38.1972797203444	33.5221716774777
9	0	Acanthoscyllium_sahelalmae	86.4009632230555	81.7765036761889
10	0	Acrolamna_acuminata	98.3046832196333	50.5209719507888
11	0	Acrosqualiolus_mirus	50.7612758791333	39.1485209665999
12	0	Acutalamna_karsteni	105.797449881944	93.5342389421888
13	0	Adnetoscyllium_angloparisensis	86.7523838899666	73.2399729743999
14	0	Aetobatus_arcuatus	31.2691693566555	4.36092965632222
15	0	Aetobatus_cappettai	8.08164265937777	4.72724539557777
16	0	Aetobatus_irregularis	65.5471843418999	23.6607156689111
17	0	Aetobatus_narinari	22.7785755935888	0.0
18	0	Aetobatus_sulcatus	55.2043064187777	48.0196308578111
19	0	Aetomylaeus_bovinus	5.10223411482222	0.0
20	0	Aetomylaeus_crassus_	12.1113934101888	4.34595319513333
21	0	Aetomylaeus_cubensis	25.5291600263	8.08135710126666
22	0	Aetomylaeus_meridionalis	22.9902001265555	5.92421889529999
23	0	Agaleorhynchus_britannicus	86.6795205631555	75.4807016730444
24	0	Alopias_alabamensis	49.2921691347777	11.4356696707666
25	0	Alopias_carolinensis	37.8363604981555	33.7974175379222
26	0	Alopias_crochardi	55.4749415900111	40.4383251200777
27	0	Alopias_denticulatus	59.9766781363111	8.23150214543333
28	0	Alopias_exigua	34.5109982231	4.13477452715555
29	0	Alopias_grandis	40.3316186288999	1.78559124705555
30	0	Alopias_latidens	40.8427413951888	2.27438846816666
31	0	Alopias_leeensis	48.5647106038888	39.2090491412555
32	0	Alopias_pelagicus	40.8493344322111	0.0
33	0	Alopias_superciliosus	32.2837062784666	0.0
34	0	Alopias_vulpinus	54.4101830245	0.0
35	0	Angolabatis_benguelaensis	83.4940612302555	67.7985038379666
36	0	Angoumeius_paradoxus	48.7771479698333	40.6244343019111
37	0	Ankistrorhynchus_major	72.9783070064444	65.8420398555
38	0	Anomotodon_cravenensis	51.1492427116666	13.9292278243333
39	0	Anomotodon_genaulti	83.5782063858333	71.9820591103222
40	0	Anomotodon_gracilis	136.402584164066	72.9340391230777
41	0	Anomotodon_hermani	86.4721665965555	72.1396632876333
42	0	Anomotodon_landanensis	63.6080505945555	54.2077416228666
43	0	Anomotodon_multidenticulata	47.8268028264	34.4734904445888
44	0	Anomotodon_novus	62.2517497733333	12.3138841509111
45	0	Anomotodon_plicatus	87.5001107113444	55.6861173662111
46	0	Anomotodon_principialis	122.147389360633	93.8978700981555
47	0	Anomotodon_sheppeyensis	56.3215411658111	42.0941460339888
48	0	Anoxypristis_cuspidata	3.61100122711111	0.0
49	0	Anoxypristis_mucrodens	56.1462819397444	24.4255912815777
50	0	Apocopodon_sericeus	86.6867679772333	58.5345459225333
51	0	Apristurus_sereti	53.9843608433444	39.6139083476333
52	0	Araloselachus_aralensis	49.7922333970666	25.0724888339
53	0	Araloselachus_cuspidatus	87.6587560591222	0.0328222512222222
54	0	Araloselachus_turgaensis	55.5243162343666	31.8276739830666
55	0	Araloselachus_vorax	31.3879273064888	2.92639107231111
56	0	Archaeolamna_kopingensis	113.577216898511	66.1217078885222
57	0	Archaeolamna_striata	115.630997572744	100.764045542311
58	0	Archaeomanta_melenhorsti	58.0697271314	36.1769806792555
59	0	Archaeomanta_priemi	63.8284540256777	49.3749551635777
60	0	Archaeotriakis_ornatus	84.1080002824444	72.3501230811444
61	0	Archaeotriakis_rochelleae	84.0940522492111	66.0994331675222
62	0	Archingeayia_sistaci	101.621542194099	93.3390269255111
63	0	Arechia_arambourgi	55.7065167704666	47.8861825274666
64	0	Arechia_crassicaudata	55.4148202379666	48.7468207642222
65	0	Ataktobatis_variabilis	73.0539583125777	66.2717658228889
66	0	Atlantoraja_cecilae	48.4109445624666	16.4391304650222
67	0	Aturobatis_aquensis	55.7500093919	40.6742292580888
68	0	Baharipristis_bastetiae	101.5129575669	93.8386693666999
69	0	Baibishia_baibishe	86.1873324771	82.9477167548444
70	0	Bathytoshia_centroura	14.4209390824555	0.0141232231444444
71	0	Belemnobatis_variabilis	146.078129668966	122.669064265455
72	0	Beringraja_binoculata	9.23660798806666	0.280217333833333
73	0	Biropristis_landbecki	92.1712383505444	65.6655272311111
74	0	Borodinopristis_ackermani	87.1731075343777	72.6112035063888
75	0	Borodinopristis_schwimmeri	87.1627077256222	72.7484905228444
76	0	Brachycarcharias_atlasi	56.7294677007777	26.2720529937111
77	0	Brachycarcharias_koerti	83.7140317517666	33.3094394271888
78	0	Brachycarcharias_lerichei	82.7772069631666	23.5033641512666
79	0	Brachycarcharias_mississippiensis	61.5355277875888	46.0913407667777
80	0	Brachycarcharias_twiggsensis	48.4054173444444	24.0033053284111
81	0	Brachyrhizodus_mcnultyi	133.593278790188	66.7438812526999
82	0	Brachyrhizodus_wichitaensis	86.0502593391555	66.1518265723
83	0	Britobatos_primarmata	89.0023585598333	65.1621225309444
84	0	Burnhamia_daviesi	65.2806585921111	15.5593351510888
85	0	Burnhamia_fetahi	55.2828229217777	48.5988614495666
86	0	Cantioscyllium_bighornensis	89.7955904756999	72.1718183416444
87	0	Cantioscyllium_decipiens	101.368434083244	56.2068164007666
88	0	Cantioscyllium_estesi	99.4782091896222	65.3558483392
89	0	Cantioscyllium_meyeri	84.2037978466333	65.9588103793111
90	0	Carcharhinus_acanthodon	23.7408068232222	6.0104471177
91	0	Carcharhinus_ackermannii	24.8478497231666	13.7490971548333
92	0	Carcharhinus_acronotus	6.14640039148889	0.0
93	0	Carcharhinus_aculeatus	27.3461234891111	1.71844496497777
94	0	Carcharhinus_albimarginatus	18.6082276799	0.0
95	0	Carcharhinus_altimus	21.8099290663666	0.0
96	0	Carcharhinus_amblyrhynchoides	9.19978663827777	0.0
97	0	Carcharhinus_amblyrhynchos	19.9372786985333	0.0
98	0	Carcharhinus_amboinensis	9.14575520112222	0.0
99	0	Carcharhinus_amekiensis	48.8356798742555	36.2766709099333
100	0	Carcharhinus_balochensis	46.4997518551666	4.86291216967777
101	0	Carcharhinus_brachyurus	23.0039305647222	0.0
102	0	Carcharhinus_brevipinna	15.0823369429222	0.0
103	0	Carcharhinus_cionei	11.4115924128111	6.27904399487777
104	0	Carcharhinus_collatus	23.5597960529222	4.03943074216666
105	0	Carcharhinus_egertoni	37.7546989640333	2.25295392564444
106	0	Carcharhinus_elongatus	34.1011429288666	23.2201792068444
107	0	Carcharhinus_falciformis	22.9064263994666	0.0
108	0	Carcharhinus_galapagensis	24.4620008982	0.0
109	0	Carcharhinus_gibbesii	48.7434807239777	16.1320484317
110	0	Carcharhinus_isodon	0.810247489822222	0.0
111	0	Carcharhinus_jhingrani	26.6570767813555	13.0471063197333
112	0	Carcharhinus_leucas	26.2887076121333	0.0
113	0	Carcharhinus_limbatus	20.2922125837111	0.0
114	0	Carcharhinus_longimanus	20.2644506315888	0.0
115	0	Carcharhinus_macloti	46.5800965686666	0.0
116	0	Carcharhinus_mancinae	46.7923809163444	36.6931136723666
117	0	Carcharhinus_melanopterus	33.1430337451222	0.0
118	0	Carcharhinus_nigeriensis	50.6990406558222	35.8703942042777
119	0	Carcharhinus_obscurus	22.6906765088666	0.0
120	0	Carcharhinus_overricus	49.7119678026555	35.7057003991111
121	0	Carcharhinus_perezii	24.1457343020777	2.11250303927777
122	0	Carcharhinus_perseus	37.5307579245889	5.12521964628888
123	0	Carcharhinus_plumbeus	22.5942672567555	0.0
124	0	Carcharhinus_porosus	16.7697518215222	0.0
125	0	Carcharhinus_priscus	92.4641234119444	2.16471004947777
126	0	Carcharhinus_sealei	9.19170320873333	0.0
127	0	Carcharhinus_signatus	21.2859937008666	0.0
128	0	Carcharhinus_similis	26.6183280566888	8.97372988604444
129	0	Carcharhinus_sorrah	10.2198156019999	0.0
130	0	Carcharhinus_tandoni	25.2953176455999	4.72038064555555
131	0	Carcharhinuschoppi	20.3340381963444	9.91436856233333
132	0	Carcharhinus_woodwardi	42.6291132252444	36.9613845407666
133	0	Carcharias_aasenensis	83.8717114599111	72.2560328331888
134	0	Carcharias_adneti	86.6293287994777	72.3341355592888
135	0	Carcharias_borodini	62.0724951672555	47.6642551746111
136	0	Carcharias_clavata	79.0172931537444	9.88814802878888
137	0	Carcharias_contortidens	58.5718587949333	0.0601125796888888
138	0	Carcharias_crassidens	29.9903858227333	4.05789861958888
139	0	Carcharias_dominguei	84.5171474316777	72.0505010269666
140	0	Carcharias_gracilis	134.768567727244	43.2915895655333
141	0	Carcharias_gustrowensis	34.2065804437777	11.9629109485333
142	0	Carcharias_hardingi	84.0921987311222	66.0379861639111
143	0	Carcharias_holmdelensis	85.0243264394333	66.3255313857777
144	0	Carcharias_incurvus	61.5183674026888	3.78140923072222
145	0	Carcharias_latus	113.535002258811	71.7327474399
146	0	Carcharias_lauderdalensis	63.8183965241444	48.3133462681444
147	0	Carcharias_samhammeri	84.5848717410222	65.8114082817999
148	0	Carcharias_sanguinei	83.9945046975111	72.3935387340111
149	0	Carcharias_steineri	83.8086777143777	72.1144208811555
150	0	Carcharias_striatula	125.0906426899	85.6835576315666
151	0	Carcharias_substriatus	85.4209417798444	29.5038862754444
152	0	Carcharias_taurus	74.2746933887666	0.0
153	0	Carcharias_tenuis	84.5042339704444	60.3717091368555
154	0	Carcharias_tingitana	79.5376376654777	33.4092506674111
155	0	Carcharias_virgatula	4.31564064706666	0.514464517255555
156	0	Carchariolamna_heroni	25.5752676305111	8.55159829951111
157	0	Carcharocles_subserratus	68.1591218150666	7.24835247348888
158	0	Carcharodon_carcharias	40.5906304585666	0.0
159	0	Carcharodon_hastalis	58.1020505431333	0.0276853878555555
160	0	Carcharodon_hubbelli	10.6464686658777	3.96986198243333
161	0	Carcharodon_plicatilis	21.9430179360555	2.46986802265555
162	0	Carcharoides_catticus	44.2025791152111	3.84404343095555
163	0	Carcharoides_totuserratus	28.5393569870333	16.2583273810444
164	0	Cardabiodon_ricki	100.775013206344	88.8681379474
165	0	Cardabiodon_venator	101.680002959877	86.5727395380777
166	0	Casieria_casieri	55.9838859226444	35.4260533092888
167	0	Casieria_maghrebiana	65.9655885340444	48.3938549956444
168	0	Cederstroemia_havreensis	86.3438511746333	73.0166442056888
169	0	Cederstroemia_siverssoni	114.747745343422	84.5652735309666
170	0	Cederstroemia_triangulata	84.4557564906666	72.3717673465555
171	0	Cenocarcharias_rochebrunei	101.172299792233	93.1681542629555
172	0	Cenocarcharias_tenuiplicatus	101.034008051233	66.4575864091999
173	0	Centrophoroides_appendiculatus	86.0711412724777	9.18751346741111
174	0	Centrophoroides_latidens	90.7006510859222	77.7909912516555
175	0	Centrophorus_granulosus	54.6598206443333	0.0
176	0	Centrophorus_squamosus	83.0189074471333	0.0
177	0	Centroscymnus_coelolepis	13.6836769863555	0.0
178	0	Centroscymnus_owstonii	46.3274908637444	0.0
179	0	Centroscymnus_praecursor	96.6820397795	61.6599145698666
180	0	Centroscymnus_schmidi	72.1552917790222	65.9088622225111
181	0	Centroselachus_crepidater	6.88759706984444	0.393510978488888
182	0	Centroselachus_goordi	65.5144721732444	54.6596271177222
183	0	Centrosqualus_mustardi	84.7941299766222	71.6436039651111
184	0	Centrosqualus_primaevus	86.7192754802333	83.1869870594777
185	0	Cetorhinus_maximus	27.2650293971222	0.0
186	0	Cetorhinus_piersoni	19.0259024701777	15.6231526398111
187	0	Chaenogaleus_affinis	59.3874262464	3.68052925447777
188	0	Chiloscyllium_frequens	86.5190586195888	72.2577930851777
189	0	Chiloscyllium_gaemersi	84.6600802124889	66.0307445006555
190	0	Chiloscyllium_greeni	118.914417592833	68.4003975836777
191	0	Chiloscyllium_meraense	55.8236461161222	40.4099404758
192	0	Chiloscyllium_minutum	60.3861644317555	55.6498057095444
193	0	Chiloscyllium_missouriensis	83.6989282382777	72.0059288063333
194	0	Chiloscyllium_vulloi	94.1181785047222	85.2031217580222
195	0	Chlamydoselachus_anguineus	1.49582447886666	0.0
196	0	Chlamydoselachus_balli	84.3300660660555	72.1011021681444
197	0	Chlamydoselachus_garmani	32.0446645089	23.9060221945
198	0	Chlamydoselachus_lawleyi	6.02995641505555	2.05986620379999
199	0	Chlamydoselachus_tobleri	26.8756909994666	10.7183485145444
200	0	Clerolamna_umovae	69.1541986503444	31.7227163773777
201	0	Coelometlaouia_pannucea	56.0866786938444	38.3004985975111
202	0	Columbusia_fragilis	88.3838836861	73.3046173978777
203	0	Columbusia_roessingi	83.5352443258666	72.5142310611333
204	0	Coupatezia_ambroggii	72.4164353889444	66.2049959192888
205	0	Coupatezia_boujoi	55.7206330564666	47.6838864096222
206	0	Coupatezia_danica	65.6673392833	61.2096491857666
207	0	Coupatezia_elevata	71.9629036726777	65.9798610166888
208	0	Coupatezia_fallax	71.8801477805	61.3657738960333
209	0	Coupatezia_laevis	67.5358170189666	60.8579377238333
210	0	Coupatezia_larivei	63.0751602965777	56.3744632274111
211	0	Coupatezia_miretrainensis	53.6227213725888	38.4482425746444
212	0	Coupatezia_reniformis	73.1109460188444	65.9335793304444
213	0	Coupatezia_woutersi	70.1757259557666	34.373643593
214	0	Crassescyliorhinus_germanicus	91.9293165133777	60.6783611370222
215	0	Cretalamna_borealis	84.1062809592333	72.0773832305111
216	0	Cretalamna_bryanti	86.0479037788777	72.1999789296111
217	0	Cretalamna_catoxodon	110.513481930511	93.0235052442555
218	0	Cretalamna_deschutteri	94.4776274986999	89.6254386547444
219	0	Cretalamna_ewelli	94.2599449806444	81.5489503626666
220	0	Cretalamna_gertericorum	94.2896340586	89.8508059248777
221	0	Cretalamna_hattini	92.6461766946333	71.8690750946889
222	0	Cretalamna_sarcoportheta	84.7799599278	71.4992598223222
223	0	Cretaplatyrhinoidis_ornatus	86.5853266297444	72.2496086107444
224	0	Cretascyliorhinus_destombesi	116.364766981111	74.5948801195444
225	0	Cretascymnus_westfalicus	84.3165553558	72.2535234773333
226	0	Cretodus_crassidens	119.475564141466	85.7363434541777
227	0	Cretodus_longiplicatus	110.9220711065	93.2886815450444
228	0	Cretodus_semiplicatus	112.381060407055	76.9852387070555
229	0	Cretodus_sulcatus	120.650311032755	90.9010612825777
230	0	Cretolamna_appendiculata	121.900165137322	12.8420853604999
231	0	Cretolamna_biauriculata	85.2219376820666	66.0076483662222
232	0	Cretolamna_crassa	121.888816832466	68.1158508771444
233	0	Cretolamna_lata	71.5264292643111	62.5621847731
234	0	Cretolamna_lerichei	62.8120254069666	33.2983150200222
235	0	Cretolamna_nigeriana	86.9386058207222	65.5388619272777
236	0	Cretomanta_canadensis	100.996475428433	86.9599063806666
237	0	Cretorectolobus_doylei	135.107329191588	105.2755715894
238	0	Cretorectolobus_gracilis	116.135647871622	101.600148563322
239	0	Cretorectolobus_microcuspidatus	84.3400212347666	71.8326180468555
240	0	Cretorectolobus_olsoni	83.7719694541111	66.6278195135444
241	0	Cretorectolobus_robustus	100.466377034266	92.9022493489888
242	0	Cretoxyrhina_agassizensis	100.781155570933	89.0089267341889
243	0	Cretoxyrhina_mantelli	106.9209558382	66.7300682651222
244	0	Cretoxyrhina_vraconensis	117.344447645966	91.0403455118444
245	0	Cristomylus_bulldogensis	106.623199732611	74.5732458550333
246	0	Cristomylus_cifellii	84.2171546852666	71.9405043283777
247	0	Ctenopristis_jordanicus	95.0947120975888	81.7704208623555
248	0	Ctenopristis_nougareti	71.9884932824999	61.1569225759444
249	0	Cyclobatis_major	101.515307915222	93.7278000701111
250	0	Cyclobatis_oligodactylus	100.974564474422	93.5239395844555
251	0	Dalatias_licha	42.0152486391444	0.0
252	0	Dallasiella_willistoni	99.1799999816888	86.5894332885333
253	0	Dalpiazia_stromeri	88.7743125983	65.5265615582111
254	0	Danogaleus_gueriri	67.3727319799333	60.9057327937111
255	0	Dasyatis_africana	3.0418777748	0.840265481188889
256	0	Dasyatis_alveolata	65.3010316119333	47.7832038805333
257	0	Dasyatis_americana	22.6451845464777	0.0
258	0	Dasyatis_borodini	43.7206786792111	33.8722505541222
259	0	Dasyatis_branisai	76.0717085737666	66.0364212664333
260	0	Dasyatis_charlisae	55.8858113469777	33.1439185012444
261	0	Dasyatis_commercensis	83.9079215268777	65.8964346366111
262	0	Dasyatis_datasi	55.5088912833888	45.8734076466777
263	0	Dasyatis_delfortriei	34.2538815778	11.7371464032666
264	0	Dasyatis_dux	18.3984608260222	9.25213539345555
265	0	Dasyatis_gigas	15.3143269916555	4.21636169457777
266	0	Dasyatis_hexagonalis	67.2741670681777	60.5480326619777
267	0	Dasyatis_jaekeli	64.8414112092444	28.0206291701666
268	0	Dasyatis_mahuliensis	13.6749996649333	4.58197695352222
269	0	Dasyatis_minuta	18.0909846416777	11.9232921589555
270	0	Dasyatis_molinoensis	80.0356993688	65.7509121660111
271	0	Dasyatis_nipponensis	25.0135464218666	9.21681996785555
272	0	Dasyatis_pastinaca	8.68229564032222	0.0
273	0	Dasyatis_ponsi	66.0027919388666	56.2252626397111
274	0	Dasyatis_probsti	24.722227876	11.8520187787111
275	0	Dasyatis_puercensis	66.2226398251778	60.7160924332888
276	0	Dasyatis_rafinesquei	73.0767230778777	41.5352079292
277	0	Dasyatis_rugosa	27.7371857652888	8.9367462748
278	0	Dasyatis_schaefferi	79.5233753739555	65.7130441770777
279	0	Dasyatis_sinhaleyus	18.4080243154333	11.6556681507222
280	0	Dasyatis_strangulata	30.0373938524333	8.35144613268888
281	0	Dasyatis_sudrei	68.0637749634888	37.6491837701111
282	0	Dasyatis_targionii	18.4158337948777	10.1668852903333
283	0	Dasyatis_tetraedra	67.3136633892888	60.9393741118444
284	0	Dasyatis_thierryi	62.6055622983333	37.2925852933999
285	0	Dasyatis_torrejonius	66.0250786805444	59.8083581617222
286	0	Dasyatis_tricuspidatus	61.5797853979333	33.4271969410888
287	0	Dasyatis_vicaryi	55.7576108017888	48.8637101011
288	0	Dasyatis_wochadunensis	56.5986636006777	41.3271097245
289	0	Dasyrhombodus_bondoni	72.401999516	66.0168360010555
290	0	Deania_angoumeensis	50.6780923146222	38.9184894904777
291	0	Deania_calcea	24.873538338	0.0
292	0	Delpitia_reticulata	64.7928077544777	59.1399674140777
293	0	Delpitoscyllium_africanum	64.6680014647111	55.8471481281222
294	0	Dipturus_batis	3.59367197836666	0.0
295	0	Dipturus_casieri	33.7259921033111	23.5723593882777
296	0	Dwardius_siversoni	115.595646999933	90.3803850567666
297	0	Dwardius_sudindicus	101.298893991144	92.7453144520222
298	0	Dwardius_woodwardi	113.353456242911	89.2249053731333
299	0	Dykeius_garethi	84.5588367792555	70.8084037534555
300	0	Echinorhinus_blakei	27.6503589036777	2.48214986262222
301	0	Echinorhinus_brucus	0.791005742422222	0.0
302	0	Echinorhinus_caspius	50.4312472947	26.4765847739999
303	0	Echinorhinus_kelleyi	33.1550944128444	11.9336697197444
304	0	Echinorhinus_lapaoi	85.7674253062777	69.7248853225444
305	0	Echinorhinus_maremagnum	72.8271291168222	66.1406121805666
306	0	Echinorhinus_pfauntschi	27.4330192447333	14.1273957532555
307	0	Echinorhinus_pollerspoecki	36.6633403491222	15.0588446480222
308	0	Echinorhinus_priscus	55.9762665673999	40.9698826585111
309	0	Echinorhinus_richiardii	5.65135202127777	1.91577904094444
310	0	Echinorhinus_schoenfeldi	33.2256170894444	25.9255817125222
311	0	Echinorhinus_wadanohanaensis	86.4208079751999	84.1582928399555
312	0	Engolismaia_couillardi	101.326462608477	93.4254266126555
313	0	Eodalatias_austrinalis	54.9866629429111	45.9805819224777
314	0	Eoetmopterus_supracretaceus	84.8172865395111	66.2012672286111
315	0	Eogaleus_bolcensis	58.0491406139222	33.2998598589333
316	0	Eometlaouia_delpiti	63.9142661128222	48.8389935837333
317	0	Eomobula_stehmanni	54.7609479841444	40.0714706681
318	0	Eoplatyrhina_bolcensis	56.6161186328333	47.2558563073666
319	0	Eoplinthicus_yazooensis	43.0458988670444	34.3129418480555
320	0	Eoptolamna_supracretacea	86.5942585293444	72.6349281533333
321	0	Eorhinobatos_primaevus	55.4412787042888	48.1724428411555
322	0	Eosqualiolus_aturensis	49.5281103293444	39.6159406026333
323	0	Eosqualiolus_skrovinai	21.1120320494888	16.0795531950333
324	0	Eostegostoma_angustum	55.8386992332889	38.1501905546222
325	0	Eostriatolamia_paucicorrugata	101.020524490544	87.6311888851
326	0	Eostriatolamia_subulata	118.1811382058	9.64920795626666
327	0	Eotorpedo_hilgendorfi	63.0038652477555	41.3393432002222
328	0	Eotorpedo_jaekeli	61.5289470578555	49.7911992823777
329	0	Etmopterus_acutidens	39.3606463229777	32.8066776895
330	0	Etmopterus_cahuzaci	50.1246731681	38.6494689456555
331	0	Etmopterus_polli	13.8857997715333	0.0
332	0	Etmopterus_spinax	13.5091287578555	0.0
333	0	Florenceodon_johnyi	84.7138443401333	71.7387984904555
334	0	Fontitrygon_margaritella	8.20030015798888	4.70725829022222
335	0	Foumtizia_abdouni	67.7223546978111	48.6952660456
336	0	Foumtizia_gadaensis	67.7182856765222	61.0087249047222
337	0	Foumtizia_pattersoni	58.1271867000666	33.2124843355111
338	0	Foumtizia_poudenxae	55.3247137551	39.7024663239111
339	0	Foumtizia_zhelezkoi	38.4379559886222	33.6222979857777
340	0	Galeocerdo_aduncus	44.2222293785444	2.27761539434444
341	0	Galeocerdo_clarkensis	52.3475026082111	33.6216668148111
342	0	Galeocerdo_cuvier	44.3280025067444	0.0
343	0	Galeocerdo_eaglesomei	64.5909853522111	11.0401480109666
344	0	Galeocerdo_mayumbensis	28.3414198216111	6.45466706897777
345	0	Galeocerdo_rosaliensis	12.5623320112666	2.13054229777777
346	0	Galeorhinus_cuvieri	55.6983364158111	47.3827036087777
347	0	Galeorhinus_duchaussoisi	56.8491143156666	37.4320847118111
348	0	Galeorhinus_galeus	47.8560002010444	0.0
349	0	Galeorhinus_girardoti	109.3567939343	65.8391648460444
350	0	Galeorhinus_goncalvesi	18.2280907956888	4.64337842373333
351	0	Galeorhinus_loangoensis	56.1945541218333	34.2056947352555
352	0	Galeorhinus_louisi	57.4102909670222	38.1719137625444
353	0	Galeorhinus_mesetaensis	65.8627853774	57.4888242696
354	0	Galeorhinus_minutissimus	59.2413166078222	36.6002597934333
355	0	Galeorhinus_semilaevis	51.1345615550888	38.4813302344444
356	0	Galeorhinus_ypresiensis	64.7632391009111	33.8350298007333
357	0	Galeus_melastomus	7.63696095816666	0.0
358	0	Ganntouria_variabilis	71.8339580665555	62.2910254173222
359	0	Ganopristis_leptodon	83.2416508611	62.5813814895
360	0	Garabatis_atlasi	61.0314747373555	49.4607932849777
361	0	Ginglymostoma_angolense	58.0134317718666	8.96429888255555
362	0	Ginglymostoma_botmaense	72.1493265486777	64.0800279401444
363	0	Ginglymostoma_chenanei	62.6189892365555	59.2036342904
364	0	Ginglymostoma_cirratum	10.1483724843888	0.0
365	0	Ginglymostoma_delfortriei	26.3132415092	5.3607227492
366	0	Ginglymostoma_khouribgaense	65.7681969787999	57.9882014909555
367	0	Ginglymostoma_maroccanum	55.9471624231444	46.6697787273
368	0	Ginglymostoma_serra	56.8365192300999	0.594738363966666
369	0	Ginglymostoma_subafricanum	67.8264896037555	50.9135292678111
370	0	Gladioserratus_aptiensis	137.624099443255	94.1404600341
371	0	Gladioserratus_magnus	104.066875002133	91.7565699570333
372	0	Glueckmanotodus_heinzelini	61.0457698126555	43.3729349951333
373	0	Glyphis_gangeticus	25.8043725975222	0.0
374	0	Glyphis_glyphis	9.21029141341111	0.0
375	0	Glyphis_pagoda	25.4770149923444	6.4678734511
376	0	Gomphogaleus_rodgersi	61.2086585203222	49.3227454122666
377	0	Gymnura_altavela	27.4183717858666	0.0
378	0	Gymnura_delpiti	64.7052411357888	57.7224368394333
379	0	Gymnura_grootaerti	58.9596047134333	44.4579221175555
380	0	Gymnura_hovestadti	60.6070793772333	25.4293805145333
381	0	Haimirichia_amonensis	130.776572637155	80.4927498899889
382	0	Hamrabatis_bernardezi	101.213629426233	93.3697198160555
383	0	Hemipristis_baripadensis	26.1394559895555	6.54786283699999
384	0	Hemipristis_curvatus	49.1463971237222	17.8434145492333
385	0	Hemipristis_heptacuspidatus	24.1147617254666	14.3021692985222
386	0	Hemipristis_serra	53.4114953582	0.0280168511666666
387	0	Hemiscyllium_bruxelliensis	58.4277551408222	34.5416709418888
388	0	Hemiscyllium_hermani	94.4603317011888	60.3442179104999
389	0	Hemiscyllium_tailledisensis	55.0013435397333	39.1483809071888
390	0	Hemiscyllum_hermani	72.4782761816111	66.1487203326889
391	0	Heptranchias_howellii	65.5888099840111	20.5969377573777
392	0	Heptranchias_perlo	24.9692613703555	0.0
393	0	Heptranchias_tenuidens	33.9312428536111	23.0168245243333
394	0	Hessinodon_wardi	84.4868037665888	72.6426833180777
395	0	Heterobatis_talbaouii	64.0422667279666	50.1002108910222
396	0	Heterodontus_cainozoicus	32.0988232518888	2.99827685741111
397	0	Heterodontus_canaliculatus	122.6844780946	70.5009585219111
398	0	Heterodontus_eocenicus	26.8898524233777	3.64962323141111
399	0	Heterodontus_francisci	16.6099548432888	0.0
400	0	Heterodontus_granti	84.4772063287444	63.7735940824666
401	0	Heterodontus_havreensis	90.0560604637888	71.2254371395111
402	0	Heterodontus_janefirdae	29.4266019560222	14.1705714213888
403	0	Heterodontus_japonicus	2.75724774518888	0.0
404	0	Heterodontus_laevis	100.247623775399	86.0303728764555
405	0	Heterodontus_lerichei	65.4558531414222	48.1269627805777
406	0	Heterodontus_lithuanicus	115.971755722088	91.4441656648888
407	0	Heterodontus_paucicarinatus	101.621287839222	93.7898867509888
408	0	Heterodontus_pineti	39.0578151083111	33.6725423063333
409	0	Heterodontus_polonicus	140.448670492755	132.662559826377
410	0	Heterodontus_polydictyos	105.728297908055	89.2528673753888
411	0	Heterodontus_portusjacksoni	6.73579928757777	0.0
412	0	Heterodontus_rugosus	99.2926491158111	55.5430576128999
413	0	Heterodontus_sowasheense	56.2017080681666	47.6024259495555
414	0	Heterodontus_sulcatus	121.210832040577	113.176004636011
415	0	Heterodontus_upnikensis	116.483837426233	93.7521073453
416	0	Heterodontus_vincenti	64.8142284658666	23.2127473126777
417	0	Heterodontus_wardenensis	55.5568661570555	47.2792164294333
418	0	Heterodontus_woodwardi	50.4375055223111	34.5202652370111
419	0	Heterotorpedo_brahimi	62.7072710901333	57.8811790121111
420	0	Heterotorpedo_fowleri	62.6488918577777	38.1009248266888
421	0	Heterotorpedo_lyazidii	67.5594730843888	60.8503034283777
422	0	Hexanchus_agassizi	55.6410302817222	21.4374072751111
423	0	Hexanchus_gigas	15.5239293279888	1.86445035126666
424	0	Hexanchus_gracilis	87.6398105119222	74.6054870263888
425	0	Hexanchus_griseus	27.2084598864	0.0
426	0	Hexanchus_microdon	119.606557381111	55.5033434322889
427	0	Hexanchus_nakamurai	17.9372447868111	0.0
428	0	Hexatrygon_senegasi	50.3886874926333	39.5970372201999
429	0	Hispidaspis_gigas	116.058154671211	34.0481752628888
430	0	Hispidaspis_horridus	95.0260469040333	74.0603580617
431	0	Hologinglymostoma_jaegeri	62.3251567656777	59.2152075674
432	0	Hypanus_dipterurus	0.761708430366666	0.0122658533111111
433	0	Hypolophodon_dockeryi	55.7047362583222	46.6948415819777
434	0	Hypolophodon_patagoniensis	93.4445052308444	57.7796014260111
435	0	Hypolophodon_sylvestris	71.0291128126222	6.47177981925555
436	0	Hypotodus_verticalis	82.6496998466666	8.95681979923333
437	0	Hypsobatis_weileri	72.2161817869	66.1522272795
438	0	Iago_angustidens	23.1080940063666	10.7232699737777
439	0	Iago_carlaluisai	49.1490420275111	38.0723358384444
440	0	Iago_costamagnai	8.18453068937777	3.47336468088888
441	0	Iansan_beurleni	133.128852347911	100.002426628844
442	0	Igdabatis_indicus	85.3164286852666	65.4243997099444
443	0	Igdabatis_sigmodon	79.6703595956777	65.7973142781111
444	0	Ikamauius_ensifer	83.5236839815	1.7759365427
445	0	Ischirhiza_avonicola	96.5425365756	89.5830112875666
446	0	Ischyrhiza_avonicola	96.5361648178666	63.3546311992333
447	0	Ischyrhiza_basinensis	84.7348936415333	73.5696194245666
448	0	Ischyrhiza_chilensis	99.7392384332444	65.2947182725444
449	0	Ischyrhiza_hartenbergeri	82.9581048837333	65.9305211214555
450	0	Ischyrhiza_mira	97.5914964838777	57.3388217825666
451	0	Ischyrhiza_nigeriensis	81.4355733202333	66.2440439339666
452	0	Ischyrhiza_schneideri	99.2389446789888	85.5933360159
453	0	Ischyrhiza_viaudi	95.6290034010333	80.2141489668555
454	0	Ishaquia_globidens	65.3804664863555	59.4273842174222
455	0	Isistius_triangulus	23.8889036523666	4.06982869092222
456	0	Isistius_trituratus	64.7272042820777	23.5487094395222
457	0	Isogomphodon_acuarius	23.5112256078444	5.98099236945555
458	0	Isogomphodon_caunellensis	25.1322600530111	5.13762807257777
459	0	Isogomphodon_lerichei	27.6985773626222	2.30686361862222
460	0	Isurolamna_affinis	64.7024899943555	24.9159059759777
461	0	Isurolamna_bajarunasi	54.8985888062111	10.3886162202333
462	0	Isurolamna_gracilis	34.6714819892666	4.08871252047777
463	0	Isurolamna_inflata	61.8294989530777	39.0519362969555
464	0	Isurolamna_menneri	41.6415977762444	34.1214316407444
465	0	Isurus_desori	79.5201078059555	2.02808319265555
466	0	Isurus_minutus	30.4106436810222	4.15620762536666
467	0	Isurus_oxyrinchus	53.0443604014	0.0
468	0	Isurus_paucus	22.7414483585777	0.0
469	0	Isurus_planus	27.0114602231777	3.72498249214444
470	0	Isurus_retroflexus	31.4260483915444	2.36527140567777
471	0	Isurus_schoutedeni	66.7906006861111	47.4739340597666
472	0	Isurus_sillimani	22.5826611407333	12.4811616308777
473	0	Isurus_subserratus	13.5974241645111	1.98778025306666
474	0	Ixobatis_mucronata	72.1514936211333	60.868908635
475	0	Jacquhermania_duponti	64.9070737962444	32.3283662972222
476	0	Jaekelotodus_africanus	61.2664487654888	34.536540389
477	0	Jaekelotodus_borystenicus	56.7133447022111	42.2870911773222
478	0	Jaekelotodus_londonensis	56.0959864723333	35.2153006297444
479	0	Jaekelotodus_robustus	83.2224019275889	26.8802010346111
480	0	Jaekelotodus_speyeri	66.2478509908777	37.4641616423111
481	0	Jaekelotodus_trigonalis	56.9254193244444	21.8318779864777
482	0	Jaekelotodus_trigonalis_jaekeli	52.9594346729777	29.0479621216222
483	0	Jaekelotodus_trigonalis_medius	47.8488447036666	31.1078235817
484	0	Jaekelotodus_trigonalis_minor	42.9396156887111	36.7441797672555
485	0	Jaekelotodus_trigonalis_trigonalis	40.0043306856777	33.6695045523666
486	0	Johnlongia_allocotodon	101.953042008499	89.6854902498222
487	0	Johnlongia_parvidens	100.048192787044	86.2395551441666
488	0	Kallodentis_rhytistemma	57.9102254295333	33.0868728706
489	0	Keasius_parvus	44.9576131457222	11.0429792514777
490	0	Keasius_rhenanus	20.2722873762666	12.845639335
491	0	Keasius_septemtrionalis	28.0282972333999	20.4491615629666
492	0	Keasius_taylori	38.7855046649222	34.2020023605222
493	0	Kenolamna_gunsoni	110.206402561244	93.3235107374444
494	0	Khouribgaleus_gomphorhiza	63.4554710616444	50.1546743048666
495	0	Kiestus_texana	103.852144635988	66.1798951307777
496	0	Komoksodon_kwutchakuth	84.2793613598666	72.4037773614333
497	0	Lamna_attenuata	31.7265792852666	3.69187605573333
498	0	Lamna_ditropis	3.64427829898888	0.0
499	0	Lamna_gafsana	49.5103581276222	40.8083248190666
500	0	Lamna_nasus	45.5329937926555	0.0
501	0	Leidybatis_granulosus	56.4867046858111	40.2063257981
502	0	Leidybatis_jugosus	65.1586560149666	24.7128964994666
503	0	Leptocharias_cretaceus	87.1690247245	73.3995414900555
504	0	Leptostyrax_macrorhiza	122.244416436533	74.7719894925555
505	0	Lethenia_vandenbroecki	34.1769774158888	27.2079043046333
506	0	Libanopristis_hiram	101.789585057266	93.5431990978555
507	0	Lophobatis_phosphaticus	56.3951965000888	40.0878534272444
508	0	Macrorhizodus_americanus	56.5963626967333	8.41134712632222
509	0	Macrorhizodus_flandricus	36.5879640431333	24.4719651635222
510	0	Macrorhizodus_nolfi	56.2396338091444	36.2828823753999
511	0	Macrorhizodus_praecursor	57.8100935364889	11.7758237635666
512	0	Mafdetia_tibniensis	101.586684475511	93.7354613445889
513	0	Marckgrafia_libyca	101.136595741911	85.7483074970111
514	0	Megachasma_applegatei	29.3683373685111	10.1254541885777
515	0	Megachasma_pelagios	25.5051699871888	0.0
516	0	Megalolamna_paradoxodon	25.3995941204333	15.8593966800444
517	0	Megarhizodon_macrorhiza	127.982764612244	30.9941687956777
518	0	Megascyliorhinus_cooperi	55.6246492410111	1.23204461011111
519	0	Megascyliorhinus_miocaenicus	23.6517142841555	1.65607992128888
520	0	Megascyliorhinus_trelewensis	25.6889267363333	6.36038322946666
521	0	Megasqualus_orpiensis	64.6081893636111	24.6745422213555
522	0	Mennerotodus_glueckmani_glueckmani	42.5305775886	34.1469011945777
523	0	Mennerotodus_glueckmani_usunbassi	48.8343273902333	30.4400257053111
524	0	Merabatis_praealba	55.7538130074222	47.2138120902111
525	0	Meridiania_convexa	56.9453940747111	36.5751095944555
526	0	Meridiogaleus_cristatus	60.3155791870333	31.9131329681
527	0	Mesiteia_emiliae	108.747032930033	42.7380197068555
528	0	Microbatis_sabatieri	60.4068040341555	55.6032957549666
529	0	Microcarcharias_saskatchewanensis	101.091948746477	87.1417485148666
530	0	Microetmopterus_wardi	71.9863911338333	66.2879185780777
531	0	Micropristis_solomonis	100.85920666	93.7100374104111
532	0	Microscyliorhinus_burnhamensis	56.1440895124999	46.6469718132444
533	0	Microscyliorhinus_leggetti	58.3464443890111	31.4003003881
534	0	Microscyliorhinus_simplex	62.6707367985777	57.8797948643222
535	0	Misrichthys_stromeri	48.1474261944333	32.2288238586555
536	0	Mitsukurina_lineata	87.8404628541333	11.8701551215
537	0	Mitsukurina_maslinensis	51.9970957540777	8.37545469667777
538	0	Mitsukurina_owstoni	5.10260239726666	0.0
539	0	Mobula_fragilis	30.4237852385555	8.23255876764444
540	0	Mobula_hypostoma	14.2966356517222	0.0
541	0	Mobula_loupianensis	28.7351203032666	10.1030741620444
542	0	Mobula_melanyae	26.0748144727444	16.0604365681888
543	0	Mobula_munkiana	14.5464319552888	0.0
544	0	Mobula_pectinata	27.9463188571333	10.3992377502444
545	0	Mobula_tarapacana	13.5244727144111	0.0
546	0	Mobula_thurstoni	12.0179626578222	0.0
547	0	Moerigaleus_vitreodon	38.5879054406555	34.3322486851666
548	0	Mollisquama_parini	5.09733237314444	0.0
549	0	Mustelus_biddlei	59.5918560182888	55.6375067541444
550	0	Mustelus_californicus	0.795966953144444	0.0
551	0	Mustelus_henlei	0.784255366555555	0.0
552	0	Mustelus_lunulatus	9.26908336555555	0.0
553	0	Mustelus_vanderhoefti	56.6229369347222	32.7368666918777
554	0	Mustelus_whitei	58.3959181366777	35.4379335248222
555	0	Myledaphus_araucanus	72.1474111551222	66.5596315850666
556	0	Myledaphus_bipartitus	84.8754549258555	65.7902138595999
557	0	Myledaphus_pustulosus	71.5509441094777	65.8869960564222
558	0	Myledaphus_tritus	93.7916056312222	88.1500263863555
559	0	Myliobatis_americanus	11.4700306203777	5.49936901801111
560	0	Myliobatis_aquila	34.9491081754999	0.0
561	0	Myliobatis_bisulcus	48.4817347851333	36.3591972921333
562	0	Myliobatis_bothriodon	50.9287869349	38.218200071
563	0	Myliobatis_californica	24.4095970573333	0.0
564	0	Myliobatis_dixoni	77.6889921138555	32.7956432325
565	0	Myliobatis_faujasii	11.9409686989444	7.2578955835111
566	0	Myliobatis_freminvillei	0.795877216322222	0.0
567	0	Myliobatis_gigas	21.6886987367666	7.16088910403333
568	0	Myliobatis_holmesii	18.7565431622	7.25810846002222
569	0	Myliobatis_magister	74.4980545906111	8.43925290893333
570	0	Myliobatis_moorabbinensis	9.41910938346666	1.79537691575555
571	0	Myliobatis_oweni	46.4538851501999	5.41216949215555
572	0	Myliobatis_pachyodon	19.4949817146444	9.0118334634
573	0	Myliobatis_plicatilis	35.2536844584999	17.2534910497555
574	0	Myliobatis_raouxi	62.9657005964222	36.8768918601
575	0	Myliobatis_serratus	33.953496625	23.8945426613
576	0	Myliobatis_sinhaleyus	19.4531307470777	11.0486866848222
577	0	Myliobatis_striatus	64.8808256982111	22.2973976812666
578	0	Myliobatis_sulcidens	63.2292638827555	54.8763478098333
579	0	Myliobatis_toliapicus	64.6366767942666	30.3379027475555
580	0	Myliobatis_vicomicanus	18.9048118465555	7.60001475206666
581	0	Myliobatis_wurnoensis	72.2273873038999	53.9768907408777
582	0	Myliodasyatis_meskalaensis	65.4813151416444	61.0690677467444
583	0	Nanocetorhinus_tuberculatus	21.7085126497777	15.8418409605333
584	0	Nanocorax_crassus	100.827357302333	94.0318682800555
585	0	Nanocorax_microserratodon	88.3833799851889	72.7285118477333
586	0	Nasolamia_velox	11.7697864297888	0.0
587	0	Nebrius_bequaerti	65.5106747130666	61.0530640758444
588	0	Nebrius_blanckenhorni	55.5312405225555	39.8771934036888
589	0	Nebrius_obliquus	56.3621139415444	13.6006489782888
590	0	Nebrius_thielensis	65.5984031473222	13.1671117110222
591	0	Negaprion_brevirostris	24.2124739933555	0.0
592	0	Negaprion_eurybathrodon	37.0661439649222	0.0391777333444444
593	0	Negaprion_frequens	47.5937285355555	8.74492337681111
594	0	Negaprion_gilmorei	52.2800554605777	33.5685595875222
595	0	Notidanodon_brotzeni	65.8373597934	49.7899718609555
596	0	Notidanodon_lanceolatus	142.576852973188	76.9547982712333
597	0	Notidanodon_loozi	62.5688767588333	50.8371225407111
598	0	Notidanodon_pectinatus	86.5444955875889	71.1306506358666
599	0	Notoramphoscyllium_woodwardi	56.1852859964	37.4786514530444
600	0	Notorynchus_cepedianus	28.0969877423888	0.0
601	0	Notorynchus_kempi	52.4028355210888	33.8071162457666
602	0	Notorynchus_lawleyi	6.67833697247777	1.86131297417777
603	0	Notorynchus_primigenius	58.0050294283111	2.1651849437
604	0	Notorynchus_serratissimus	65.3405801414111	5.82065389254444
605	0	Odontaspis_aculeatus	83.6915485958889	66.1118892382555
606	0	Odontaspis_ferox	25.7807814913	0.0
607	0	Odontaspis_gigas	116.239317645388	80.5894908539222
608	0	Odontaspis_grandis	83.7644752819333	72.1227384681666
609	0	Odontaspis_molassica	23.7028817231888	11.2988968296333
610	0	Odontaspis_studeri	140.608275793666	126.570173871955
611	0	Odontaspis_vincenti	61.2143253715111	39.6802345007777
612	0	Odontaspis_watinensis	94.4199706188666	89.8023203184444
613	0	Odontaspis_winkleri	65.6799016774777	20.7971341269555
614	0	Odontorhytis_pappenheimi	53.9573074478111	32.3327452794333
615	0	Oligodalatias_jordani	34.0238344641333	26.7096307943555
616	0	Onchopristis_dunklei	130.467207363388	72.7333209754666
617	0	Onchopristis_numidus	145.618715405366	72.1850947326111
618	0	Onchosaurus_pharao	98.7841610077777	66.1915017425444
619	0	Onchosaurus_radicalis	93.1214279980666	71.6279544137888
620	0	Orectoloboides_angulatus	101.275998587955	92.5894103629888
621	0	Orectoloboides_parvula	114.241788402611	100.407946507744
622	0	Orectoloboides_reyndersi	50.9955733762	39.8480910164888
623	0	Orectolobus_gippslandicus	23.8352835760444	3.88946828859999
624	0	Orectolobus_ziegenhinei	54.8138275454111	38.4316070132666
625	0	Orpodon_heersensis	63.0662830195222	55.4612266540333
626	0	Orthechinorhinus_davidae	40.8058408144333	26.2584195892333
627	0	Orthechinorhinus_pfeili	53.9985099436333	39.7744310653777
628	0	Otodus_aksuaticus	56.4842408226444	38.4322710301333
629	0	Otodus_angustidens	47.1324996589777	2.27313641118888
630	0	Otodus_auriculatus	78.1933817487444	3.14918858998888
631	0	Otodus_chubutensis	24.3903621837	11.7882591076222
632	0	Otodus_debrayi	52.2408312460889	25.7606649181222
633	0	Otodus_megalodon	85.6769330929444	0.621817547344444
634	0	Otodus_minor	73.6162870720555	24.3171841832777
635	0	Otodus_minor_turkmenicus	68.2247679691444	41.7673882129333
636	0	Otodus_obiquus	56.0999482020999	47.3155361259889
637	0	Otodus_obliquus	86.2273390848889	10.9485931632999
638	0	Otodus_obliquus_ajatensis	62.7878552181555	39.9433007476999
639	0	Otodus_obliquus_mugodzharicus	55.0473220570333	40.3001673118444
640	0	Otodus_poseidoni_poseidoni	55.0037526844555	28.1601878417666
641	0	Otodus_poseidoni_turanensis	42.0697315532555	37.3648456393777
642	0	Otodus_poseidoni_ustyurtensis	41.5278999876888	37.2744592181444
643	0	Otodus_sokolovi	51.8460673979555	22.4515046563444
644	0	Otodus_sokolovi_caspiensis	38.9450652758666	33.9636444696111
645	0	Ouledia_sigei	56.0449733026555	47.1483129322777
646	0	Oxynotus_centrina	7.62790241844444	0.0
647	0	Pachygaleus_lefevrei	65.3847942979111	26.7396126304555
648	0	Pachygymnura_attiai	47.6590792341333	33.8265846584333
649	0	Pachyhexanchus_pockrandti	143.426610950833	93.1222201603222
650	0	Pachyscyllium_albigensis	35.7695204265333	26.9709993048666
651	0	Pachyscyllium_braaschi	29.1148618295999	23.0201086668333
652	0	Pachyscyllium_dachiardii	33.8548963604333	1.95362417266666
653	0	Pachyscyllium_distans	36.4573755789444	2.34699714174444
654	0	Palaeoanacorax_pawpawensis	110.367562821822	88.7325057122222
655	0	Palaeocarcharodon_orientalis	62.3588697757999	55.2459493178111
656	0	Palaeocentroscymnus_horvathi	23.0194788705444	15.8169289901111
657	0	Palaeogaleus_brivesi	67.4065261363	56.8692252978222
658	0	Palaeogaleus_dahmanii	72.0969346757333	63.3996875804555
659	0	Palaeogaleus_faujasi	92.2428087804666	60.0877495398111
660	0	Palaeogaleus_havreensis	86.8914994333111	72.5054551146888
661	0	Palaeogaleus_larachei	62.5981144060777	57.9582238343888
662	0	Palaeogaleus_navarroensis	72.2419955550444	66.0510926192111
663	0	Palaeogaleus_prior	67.4422299188222	60.9189128079
664	0	Palaeogaleus_vincenti	65.4340974735111	49.3601790102444
665	0	Palaeohypotodus_bronni	86.7764361423777	19.3266172857
666	0	Palaeohypotodus_rutoti	68.3956087865333	20.9696395843777
667	0	Palaeomyliobatis_pirabensis	24.0706550361	16.0012501382333
668	0	Palaeorhincodon_daouii	62.2628190316888	59.3241603287555
669	0	Palaeorhincodon_dartevellei	55.8810724611555	41.5949467498888
670	0	Palaeorhincodon_wardi	57.4749128836999	35.9221992179777
671	0	Palaeoscyllium_reticularis	114.148107341399	101.389662735566
672	0	Palaeotriakis_subserratus	86.9416098148888	73.1013692208333
673	0	Paracorax_jaekeli	85.6761455851	71.6327305895888
674	0	Paraechinorhinus_riepli	51.7598163097	39.9486378810888
675	0	Paraetmopterus_nolfi	54.5245796810444	38.9551044731777
676	0	Paragaleus_antunesi	14.8359594388444	4.12202350442222
677	0	Paragaleus_pulchellus	23.9498759586777	2.10152210165555
678	0	Paragaleus_tenuis	25.1872128394333	9.70201216362222
679	0	Paraheptranchias_repens	24.4722322427	11.4311085462444
680	0	Paraisurus_amudarjensis	122.344014731722	114.122059460366
681	0	Paraisurus_compressus	116.077658525688	95.2031818618333
682	0	Paraisurus_macrorhiza	116.0771155009	101.036610850277
683	0	Paranomotodon_angustidens	120.796053639155	65.9036065783444
684	0	Paranomotodon_toddi	86.6878407555333	65.7123552652333
685	0	Paraorthacodus_andersoni	86.4359959675888	65.9683293384555
686	0	Paraorthacodus_antarcticus	83.6116613234222	67.9058580587
687	0	Paraorthacodus_clarkii	60.8935415027222	55.8955902853666
688	0	Paraorthacodus_conicus	83.6819382545555	67.8627828503889
689	0	Paraorthacodus_eocaenus	60.3730744784333	52.1692155995222
690	0	Paraorthacodus_recurvus	122.043861587622	81.2781737918333
691	0	Paraorthacodus_rossi	84.3342502649555	72.4586944847666
692	0	Parapalaeobates_atlanticus	85.2124742202222	67.0519041482
693	0	Parapalaeobates_glickmani	86.9069830284666	74.0889925041777
694	0	Parapalaeobates_pygmaeus	86.8347034414666	83.0465893150889
695	0	Pararhincodon_crochardi	100.227488872055	54.2335265929111
696	0	Pararhincodon_germaini	54.5339539165222	38.2289559758666
697	0	Pararhincodon_groessensi	92.1029277885888	61.1866147741555
698	0	Pararhincodon_lehmani	116.369334826488	93.4921974211111
699	0	Pararhincodon_ornatus	92.6098882542333	72.6532513354111
700	0	Pararhincodon_ypresiensis	61.0473534853666	46.7725414666555
701	0	Parasquatina_cappettai	92.7836512307222	60.0049382301222
702	0	Parasquatina_jarvisi	86.7698866163999	72.1526663869555
703	0	Paratodus_priemi	52.4722941525555	39.8154380603888
704	0	Paratriakis_curtirostris	93.7948571542333	60.4844167495444
705	0	Paratriakis_decheni	84.5074495018777	72.1475292792666
706	0	Paratriakis_robustus	86.5291874374111	72.4510308272111
707	0	Paratriakis_tenuis	86.9009049262555	74.2433239757555
708	0	Parotodus_benedeni	36.6883870226666	0.0393908415888888
709	0	Parotodus_mangyshlakensis	44.2767015172555	33.6693836792666
710	0	Parotodus_pavlovi	55.5550901804999	36.7625598330777
711	0	Peyeria_libyca	101.619223901555	84.7412878791333
712	0	Physogaleus_alabamensis	53.8693839182777	13.1114059769444
713	0	Physogaleus_americanus	61.3673237680666	47.5221063528777
714	0	Physogaleus_contortus	57.5391156362555	5.10137049052222
715	0	Physogaleus_hemmooriensis	23.1617202080222	11.1105047195777
716	0	Physogaleus_huberensis	41.5307597241777	33.5017814571111
717	0	Physogaleus_latus	36.6276843443555	9.07559555019999
718	0	Physogaleus_minor	63.2457941574555	7.79958371853333
719	0	Physogaleus_secundus	65.4044288742111	13.0730870922444
720	0	Physogaleus_singularis	23.8584135140222	16.2793169332888
721	0	Physogaleus_tertius	60.8620055880111	25.7391953592777
722	0	Platyrhina_gigantea	55.5799964054444	48.2746900230999
723	0	Platyrhinoidis_triseriata	0.784675917255555	0.0
724	0	Platyrhizodon_barbei	87.0533601730222	73.0957704814777
725	0	Platyrhizodon_gracilis	88.0294332228666	73.7285283112666
726	0	Platyrhizoscyllium_jaegeri	50.7142651394333	39.8446104064
727	0	Plesiozanobatus_egertoni	55.1751171621	48.3361575459333
728	0	Plicatolamna_semiplicatus	114.003765542644	88.4637144701555
729	0	Plicatopristis_strougoi	84.5695522335666	72.1809654790555
730	0	Plicatoscyllium_antiquum	79.7779860707555	66.1479737647444
731	0	Plicatoscyllium_derameei	72.2746928658666	66.0834575519666
732	0	Plicatoscyllium_gharbii	72.1023288785222	66.0488571421222
733	0	Plicatoscyllium_globidens	86.0348126946444	66.2520583750889
734	0	Plicatoscyllium_lehneri	76.1714749626222	65.8295080431888
735	0	Plicatoscyllium_minutum	74.1418663881333	33.6408749053666
736	0	Plicatoscyllium_pectinatum	71.9512699038555	65.8871222551222
737	0	Plicatoscyllium_youssoufiaense	72.0233116044	64.0318496692777
738	0	Plinthicus_kruibekensis	35.3093291861333	26.2700848466777
739	0	Plinthicus_stenodon	28.9244477875888	2.1222518953
740	0	Porodermoides_spanios	65.1298647337666	59.0069272245444
741	0	Posadaia_nolfi	100.637999569244	93.6645121524666
742	0	Potamotrygon_canaanorum	30.3076150975222	5.51576825033333
743	0	Potamotrygon_contamanensis	31.0150689615777	5.37314454101111
744	0	Potamotrygon_motoro	17.1064921716	0.0
745	0	Potamotrygon_rajachloeae	30.3027347515666	5.30715518113333
746	0	Potamotrygon_ucayalensis	47.3812249606333	39.0144455513777
747	0	Premontreia_abbatei	4.54256990992222	1.89326182026666
748	0	Premontreia_degremonti	57.3639692508111	40.6464181691222
749	0	Premontreia_gilberti	65.4364931511555	30.5222173701333
750	0	Premontreia_peypouqueti	62.8371697522111	57.4732570039444
751	0	Premontreia_subulidens	65.2812915315666	42.9008818851999
752	0	Premontreia_uralica	38.5596270836	33.9591853879333
753	0	Prionace_glauca	16.3808117395888	0.0
754	0	Pristiophorus_cirratus	10.6493507452	0.0
755	0	Pristiophorus_lacipidinensis	49.9646935552222	39.9270344699444
756	0	Pristiophorus_laevis	57.8628048860777	33.1166474020111
757	0	Pristiophorus_lanceolatus	47.1869868148555	2.02402473851111
758	0	Pristiophorus_palaeocenicus	63.0000306164555	55.6175669112
759	0	Pristiophorus_rupeliensis	33.9392534599333	27.0297354610777
760	0	Pristiophorus_schroederi	7.12536412068888	0.0
761	0	Pristiophorus_smithi	84.0637785379	73.1532722954666
762	0	Pristiophorus_striatus	23.1181299208888	15.9035724485777
763	0	Pristiophorus_suevicus	24.1243798379888	1.83562562978888
764	0	Pristiophorus_tumidens	118.945748759844	76.2952459955555
765	0	Pristis_amblodon	52.7189364065111	13.7146069151
766	0	Pristis_aquitanicus	42.2409584778888	5.53858937941111
767	0	Pristis_hamatus	49.5103098580888	35.4933133914111
768	0	Pristis_lathami	65.3730195752333	21.7560876166666
769	0	Pristis_pectinata	12.0146742270111	0.0
770	0	Pristis_pickeringi	40.2981613754777	16.2301695589
771	0	Pristis_pristis	9.23743828727777	0.0
772	0	Pristis_recurvidens	25.8263842820222	3.81069396664444
773	0	Proetmopterus_hemmooriensis	92.6675717543333	65.7821763795111
774	0	Prohaploblepharus_riegrafi	88.7216270310777	69.6297092384333
775	0	Proheterodontus_creamridgensis	74.3334013687666	66.0277895915555
776	0	Promyliobatis_gazolai	55.2499485448888	48.6210948785333
777	0	Propristis_schweinfurthi	54.9383620682111	33.6095217074222
778	0	Prosopodon_assafai	67.63515634	60.8537770898888
779	0	Protocentrophorus_steviae	84.5361003387666	73.4405674202889
780	0	Protoginglymostoma_ypresiensis	65.0830276576333	40.0167854829888
781	0	Protoheptranchias_lowei	85.2332493528888	72.3364145473888
782	0	Protoheterodontus_boussioni	84.3106043536889	72.9687232001889
783	0	Protohimantura_vorstmani	24.9153115414	15.2367539203222
784	0	Protolamna_borodini	86.1921914984111	56.2803125830666
785	0	Protolamna_carteri	101.240325182711	92.7482714433
786	0	Protolamna_sokolovi	131.563903692577	76.9585681583222
787	0	Protoplatyrhina_hopii	100.558880968688	87.5227361975444
788	0	Protoplatyrhina_renae	92.4684667892444	66.1132992241444
789	0	Protoscyliorhinus_lamaudi	130.986686947911	103.862249857855
790	0	Protospinax_heterodon	116.366147611822	94.0464981959222
791	0	Protosqualus_barringtonensis	100.565190215977	93.3137746216888
792	0	Protosqualus_glickmani	114.735253653899	93.9368063294
793	0	Protosqualus_pachyrhiza	114.014237133733	101.280338612611
794	0	Protosqualus_sigei	115.146696919777	87.0398679967777
795	0	Pseudabdounia_claibornensis	46.0024381225333	36.7420845988555
796	0	Pseudabdounia_recticona	64.5513170713333	23.7196811770333
797	0	Pseudaetobatus_belli	57.6041521859666	41.8813262011111
798	0	Pseudaetobatus_casieri	53.2469006427	33.4340423398666
799	0	Pseudaetobatus_undulatus	37.9101456540333	33.9125259951666
800	0	Pseudoapristurus_nonstriatus	23.8350482775222	15.5561720766555
801	0	Pseudobatos_matzensis	59.8699728515111	55.4985998414111
802	0	Pseudocarcharias_kamoharai	26.0183347365999	0.0
803	0	Pseudocarcharias_rigida	23.8523249264666	16.1037817175555
804	0	Pseudocorax_affinis	89.8411213175333	61.6992098183888
805	0	Pseudocorax_duchaussoisi	93.7603254663111	88.8009428671444
806	0	Pseudocorax_granti	94.4533629741111	67.3127672895333
807	0	Pseudocorax_laevis	111.265035161844	62.4489917413111
808	0	Pseudodontaspis_herbsti	84.1172561815	66.7578348883222
809	0	Pseudoechinorhinus_mackinnoni	65.3434487187999	56.3065758903888
810	0	Pseudoginglymostoma_brevicaudatum	54.6887906110777	0.0
811	0	Pseudoginglymostoma_idiri	71.5159886034333	65.8619867455777
812	0	Pseudohypolophus_ellipsis	87.6113788155666	71.6616083475444
813	0	Pseudohypolophus_lapilliferus	114.336677886899	92.8860917423
814	0	Pseudohypolophus_mcnultyi	128.438559726211	65.9127217376444
815	0	Pseudomegachasma_casei	101.440598519822	93.5741893159555
816	0	Pseudomegachasma_comanchensis	101.425049808811	93.4708499585444
817	0	Pseudomyledaphus_madseni	92.6107514565888	83.3904480365111
818	0	Pseudoplatyrhina_crispa	87.2051096354444	73.0969892999999
819	0	Pseudorhinobatos_dezignii	55.2101056262888	48.8376815556
820	0	Pseudoscapanorhynchus_compressidens	120.052470835355	83.1421033941111
821	0	Pseudoscyliorhinus_reussi	88.7416516480333	73.1182985996666
822	0	Pseudoscyliorhinus_schwarzhansi	101.095950106044	85.8142806054889
823	0	Pteroscyllium_hermani	87.3478229439999	73.6375737453222
824	0	Pteroscyllium_lamranii	72.0403488764	63.8133402035111
825	0	Pteroscyllium_ornatum	115.852125115122	94.7911405223
826	0	Pteroscyllium_signeuxi	88.3678161680111	72.4602923932222
827	0	Pteroscyllium_speetonensis	121.671344576277	112.989170993177
828	0	Ptychocorax_aulaticus	94.4583821616444	86.4732745852444
829	0	Ptychodus_anonymus	101.301484564444	78.0837231087222
830	0	Ptychodus_atcoensis	99.6264104370444	65.9268016538555
831	0	Ptychodus_cyclodontis	99.4145795845666	63.1576919749777
832	0	Ptychodus_decurrens	115.742919524744	68.3429013044
833	0	Ptychodus_latissimus	95.5175554720777	70.9992215185889
834	0	Ptychodus_mammillaris	101.222355621688	86.1095743559333
835	0	Ptychodus_mortoni	99.7213975378333	66.9264697586111
836	0	Ptychodus_occidentalis	100.766644055411	91.3842121491778
837	0	Ptychodus_polygyrus	99.0582329898222	86.8493331527444
838	0	Ptychodus_rugosus	90.0879759017444	71.7525180184666
839	0	Ptychodus_whipplei	100.898901968544	68.4781599783222
840	0	Ptychotrygon_agujaensis	83.8279705701555	66.7966955299889
841	0	Ptychotrygon_blainensis	84.0139341895555	71.8948754742222
842	0	Ptychotrygon_boothi	83.9822320318777	72.3101908982111
843	0	Ptychotrygon_chattahoocheensis	87.5103901212222	73.6141267864889
844	0	Ptychotrygon_cuspidata	82.6054794544777	65.3484292362333
845	0	Ptychotrygon_ellae	83.8729165995777	72.7022858374555
846	0	Ptychotrygon_eutawensis	86.2359194502222	83.0681595617666
847	0	Ptychotrygon_gueveli	93.3256234262444	89.1550981924222
848	0	Ptychotrygon_slaughteri	101.361081652388	68.3222812531555
849	0	Ptychotrygon_triangularis	123.075119710233	66.7705124544222
850	0	Ptychotrygon_vermiculata	93.4507033933111	66.1695449982
851	0	Ptychotrygon_winni	72.2348903267777	66.1249883387666
852	0	Ptychotrygonoides_hermani	93.9962287402666	89.3379608858444
853	0	Ptychotrygonoides_herreroae	100.5600787264	92.8360012025777
854	0	Ptychotrygonoides_pouiti	100.6105144697	93.8738754377111
855	0	Pucabatis_hoffstetteri	82.5676397628222	65.8410034654222
856	0	Pucapristis_branisi	80.4092518646333	66.0787186515777
857	0	Raja_antiqua	22.7138944712555	2.32191009687777
858	0	Raja_clavata	6.03799851638888	0.0
859	0	Raja_davisi	86.5386830875222	82.9053851176888
860	0	Raja_farishi	72.1702845304444	66.4425834300222
861	0	Raja_gentili	24.1339085116777	10.3581301928
862	0	Raja_holsatica	30.3802666890888	8.78994757367777
863	0	Raja_marandati	50.0549015921888	39.8389810140222
864	0	Raja_michauxi	54.7388512253666	43.1182076029777
865	0	Raja_montagui	2.58016012666666	0.0
866	0	Raja_olisiponensis	22.5043643220222	3.23654912041111
867	0	Renpetia_labiicarinata	100.590884957655	92.3392664116888
868	0	Restesia_americana	83.5565622716111	65.8074991142888
869	0	Rhina_ancylostoma	9.17070208555555	0.0
870	0	Rhincodon_typus	31.7188698983666	0.0
871	0	Rhinobatos_antunesi	23.7207332517111	11.0526808388777
872	0	Rhinobatos_auribatensis	54.8974034832	43.3009757672888
873	0	Rhinobatos_bruxelliensis	64.5658380711111	30.5186162760888
874	0	Rhinobatos_casieri	89.0520422447444	34.0776457177222
875	0	Rhinobatos_echavei	83.2372150791444	65.9286713125666
876	0	Rhinobatos_grandis	102.180569016488	93.8921512226666
877	0	Rhinobatos_ibericus	71.5645539827222	66.0961777442777
878	0	Rhinobatos_incertus	101.440290767533	76.4986642682222
879	0	Rhinobatos_intermedius	86.292978383	83.6775397800777
880	0	Rhinobatos_latus	86.9805643105111	80.5262329087888
881	0	Rhinobatos_lobatus	93.6626546397888	85.8533856350111
882	0	Rhinobatos_mariannae	72.2939985240666	65.7564906465777
883	0	Rhinobatos_maronita	101.8144979325	93.6414978384444
884	0	Rhinobatos_picteti	128.738194092133	114.634180436655
885	0	Rhinobatos_steurbauti	55.3117366265222	34.1566937109666
886	0	Rhinobatos_tenuirostris	86.7471733486111	82.4252495866111
887	0	Rhinobatos_tesselatus	84.4632012034999	71.6358072700222
888	0	Rhinobatos_whitfieldi	101.578174358311	93.5681493747889
889	0	Rhinoptera_bonasus	36.3857041262222	0.0
890	0	Rhinoptera_brasiliensis	28.4696646394555	0.0
891	0	Rhinoptera_prisca	87.7455557755	60.0097648162333
892	0	Rhinoptera_raeburni	66.2947172757555	3.9906594797
893	0	Rhinoptera_schultzi	32.2286600034	10.2924515417444
894	0	Rhinoptera_sherborni	58.5591473639777	8.50774207428888
895	0	Rhinoptera_smithii	26.3535247204444	8.83361165341111
896	0	Rhinoptera_steindachneri	16.1288324296111	0.0
897	0	Rhinoptera_studeri	31.1003938854444	6.44018873413333
898	0	Rhinoscymnus_viridiadamas	41.6351103464	20.9969998834111
899	0	Rhizoprionodon_acutus	26.2866347484777	0.0
900	0	Rhizoprionodon_ficheuri	27.3392172502444	5.86979970747777
901	0	Rhizoprionodon_ganntourensis	55.91672271	33.9079102249222
902	0	Rhizoprionodon_geelongensis	85.6136224545333	10.6340140186
903	0	Rhizoprionodon_longurio	13.6132852450666	0.0
904	0	Rhizoprionodon_oligolinx	13.9400661060333	0.0
905	0	Rhizoprionodon_terraenovae	44.4764130799111	0.0
906	0	Rhombodus_andriesi	72.2300127170555	65.9574320851888
907	0	Rhombodus_binkhorsti	84.3669406413555	63.2686823639333
908	0	Rhombodus_carentonensis	84.3992995930111	72.0777373886
909	0	Rhombodus_ibericus	72.7481984203777	65.9994569936444
910	0	Rhombodus_levis	86.0348347813333	65.9161006682555
911	0	Rhombodus_meridionalis	82.8853769811111	65.9330689020111
912	0	Rhombodus_microdon	72.1120307585333	59.5699399045444
913	0	Rhynchobatus_luebberti	9.76881932084444	0.0
914	0	Rhynchobatus_pristinus	36.9861249372777	5.30856610064444
915	0	Rhynchobatus_vincenti	64.7740462154111	23.2762458398666
916	0	Rioraja_agassizii	12.2167101919555	0.0
917	0	Rolfodon_bracheri	24.2223059259444	12.7185041956666
918	0	Rolfodon_fiedleri	52.8176872633222	39.2122523957111
919	0	Rolfodon_keyesi	64.3082580017666	56.4470509719777
920	0	Rolfodon_ludvigseni	84.9024349818222	71.4943438876555
921	0	Rolfodon_tatere	72.9988232559333	61.3400594846888
922	0	Rolfodon_thomsoni	86.7221793052111	68.3212275302444
923	0	Roulletia_bureaui	101.464121539755	94.1300888156444
924	0	Roulletia_canadensis	101.564890585822	93.0916467372111
925	0	Scapanorhynchus_kysylkumensis	92.0108430263666	72.0309891705333
926	0	Scapanorhynchus_lewisii	96.2072221778	72.7541724659
927	0	Scapanorhynchus_minimus	100.997528469311	73.7338865863111
928	0	Scapanorhynchus_perssoni	84.1607446456555	72.1701795359444
929	0	Scapanorhynchus_praeraphiodon	115.918780918966	93.7697685946
930	0	Scapanorhynchus_rapax	87.2046609168889	50.2523132632666
931	0	Scapanorhynchus_rhaphiodon	100.543333091811	51.9569923497111
932	0	Scapanorhynchus_subulatus	126.371426142111	70.0572897478889
933	0	Scapanorhynchus_texanus	99.0944308015444	35.0104466525222
934	0	Schizorhiza_stromeri	87.6725826179666	65.8951783985777
935	0	Sclerorhynchus_atavus	88.9000164544222	65.6679416145777
936	0	Sclerorhynchus_pettersi	72.4368077339333	54.6559577760888
937	0	Sclerorhynchus_priscus	93.2504925393111	85.3710013066222
938	0	Scoliodon_conecuhensis	53.6002866679444	36.7817381220555
939	0	Scoliodon_laticaudus	19.2786819995222	0.0
940	0	Scyliorhinus_angustus	85.2085979098555	71.1719575806777
941	0	Scyliorhinus_antiquus	102.017337998766	71.2765590267333
942	0	Scyliorhinus_arlingtonensis	104.073786096244	88.5909079033222
943	0	Scyliorhinus_biddlei	92.6036237032888	60.1852318629666
944	0	Scyliorhinus_biformis	29.2186930170111	13.8646503415555
945	0	Scyliorhinus_bloti	104.070774411377	92.6825391284444
946	0	Scyliorhinus_brumarivulensis	88.9368274166333	73.6127279193
947	0	Scyliorhinus_coupatezi	36.7797354283111	2.83631645501111
948	0	Scyliorhinus_dubius	119.451869283644	83.8390107832333
949	0	Scyliorhinus_elongatus	136.707984986077	54.7357835114111
950	0	Scyliorhinus_entomodon	67.4475468358333	57.8782704933888
951	0	Scyliorhinus_joleaudi	23.7856335178444	4.93545804566666
952	0	Scyliorhinus_kasenoi	18.3011848609777	8.725992406
953	0	Scyliorhinus_luypaertsi	79.1617555681333	65.8160421553333
954	0	Scyliorhinus_moosi	72.3844503690777	65.8824442931333
955	0	Scyliorhinus_ptychtus	67.8022511026	50.0876248942777
956	0	Scyliorhinus_reyndersi	84.7344141608777	68.5810974442222
957	0	Scyliorhinus_stellaris	31.6417767015111	0.0
958	0	Scyliorhinus_sulcidens	63.6673565534222	47.8352733327222
959	0	Scyliorhinus_trifolius	49.0764435850333	39.4272926914333
960	0	Scyliorhinus_woodwardi	58.8536897459555	34.4841223030999
961	0	Scymnodalatias_garricki	7.88962241397777	0.0
962	0	Scymnodon_ichiharai	18.1481853735222	9.29180327482222
963	0	Scymnodon_ringens	6.05016930695555	0.0
964	0	Serratolamna_africana	72.8056508530444	65.6867049132666
965	0	Serratolamna_aschersoni	86.2304775273666	30.7353559455999
966	0	Serratolamna_caraibaea	92.3410743102555	66.0325409017555
967	0	Serratolamna_khderii	84.9861176833444	65.5809146019222
968	0	Serratolamna_maroccana	87.3714953748666	65.8256573598222
969	0	Serratolamna_serrata	97.7547967978555	52.0631453431555
970	0	Sigmoscyllium_striatum	87.3022959250555	73.0798300608333
971	0	Smithraja_forestensis	54.6799624756888	45.8910768636111
972	0	Somniosus_gonzalezi	32.3150957304111	23.2870139288333
973	0	Somniosus_microcephalus	6.73174501981111	0.0
974	0	Somniosus_rostratus	18.8083062953	0.0
975	0	Spathobatis_halteri	130.264645594055	105.663223077666
976	0	Sphenodus_longidens	99.7299227174	67.1555278291333
977	0	Sphenodus_lundgreni	89.6016269152333	55.8612206861222
978	0	Sphyrna_integra	24.1263853713666	0.766066242944444
979	0	Sphyrna_laevissima	44.4126028761888	6.94026687939999
980	0	Sphyrna_lewini	24.2141957499444	0.0
981	0	Sphyrna_magna	24.9776846071333	10.5029027478444
982	0	Sphyrna_media	30.0790374237333	0.0
983	0	Sphyrna_mokarran	22.3610140255333	0.0
984	0	Sphyrna_tiburo	10.7545807688555	0.0
985	0	Sphyrna_zygaena	37.3950516910777	0.0
986	0	Squalicorax_africanus	85.4469467571888	66.1714441405333
987	0	Squalicorax_baharijensis	116.896086150755	93.6798198273
988	0	Squalicorax_bassanii	84.6383758792777	65.8449648880777
989	0	Squalicorax_benguerirensis	73.8342438125	65.4474797053222
990	0	Squalicorax_bernardezi	101.139485848311	88.9985199727222
991	0	Squalicorax_coquandi	101.427116957177	88.6016947876555
992	0	Squalicorax_curvatus	100.749008999944	90.9014366958555
993	0	Squalicorax_dalinkevichiusi	116.152975130777	92.0841493556555
994	0	Squalicorax_deckeri	94.6607648065666	89.2327367480666
995	0	Squalicorax_falcatus	111.852835407722	62.7505926413333
996	0	Squalicorax_heterodon	93.6475441033444	89.7321679295333
997	0	Squalicorax_intermedius	102.169566993711	87.7046620531111
998	0	Squalicorax_kaupi	113.408691655855	63.3817574312333
999	0	Squalicorax_kugleri	93.5986414513777	65.4434291385222
1000	0	Squalicorax_lindstromi	104.230598185599	67.1169158917999
1001	0	Squalicorax_microserratus	81.3119970721	65.8418641634777
1002	0	Squalicorax_mutabilis	99.9498674748222	88.6670711329444
1003	0	Squalicorax_primaevus	114.925214929755	101.802314020133
1004	0	Squalicorax_primigenius	115.187673045422	99.2138695398
1005	0	Squalicorax_pristodontus	106.608865416977	46.2738068105777
1006	0	Squalicorax_volgensis	112.674450234077	83.0684472125333
1007	0	Squalicorax_yangaensis	86.6607074299889	72.1671707736111
1008	0	Squaliodalatias_savoiei	84.7109601668666	71.6821133143
1009	0	Squaliodalatias_weltoni	52.7715330205777	40.3252311862
1010	0	Squaliolus_gasconensis	50.7153792927111	38.2767197864666
1011	0	Squaliolus_schaubi	39.3979107213999	6.87700577194444
1012	0	Squalus_acanthias	11.1353331199333	0.0
1013	0	Squalus_alsaticus	45.4516155632222	12.8799628918222
1014	0	Squalus_ballingsloevensis	72.1984874332666	66.0095488912333
1015	0	Squalus_balsvikensis	72.0781656499444	66.0739883269222
1016	0	Squalus_blainville	5.06813993694444	0.0
1017	0	Squalus_gabrielsoni	94.7701225136222	60.1272419170666
1018	0	Squalus_huntensis	74.2184009535555	65.9819222212777
1019	0	Squalus_major	114.875887593833	93.3172353238777
1020	0	Squalus_megalops	17.2766311859555	0.0
1021	0	Squalus_minor	65.3439440439	32.8231571215888
1022	0	Squalus_nicholsae	84.2698365627889	71.5308999671111
1023	0	Squalus_obliquidens	11.7749097180444	5.42972852192222
1024	0	Squalus_occidentalis	26.9068326791222	6.38148504124444
1025	0	Squalus_suckleyi	2.27517168353333	0.0
1026	0	Squalus_vondermarcki	84.2864329719222	66.9106586113888
1027	0	Squalus_weltoni	56.3746442311	36.5621576316777
1028	0	Squalus_woodburnei	55.6935569272888	36.4782843964333
1029	0	Squalus_worlandensis	83.9955778902111	72.1169007004777
1030	0	Squatigaleus_atlasi	79.3704408291222	65.8026553291333
1031	0	Squatina_africana	8.32591986661111	0.0
1032	0	Squatina_angeloides	34.0103051745333	23.6100000562666
1033	0	Squatina_baumbergensis	84.5822639864	71.9095773756444
1034	0	Squatina_californica	2.50973738638888	0.0
1035	0	Squatina_carinata	32.9759674788777	27.1449215500888
1036	0	Squatina_cranei	139.6891957595	61.3517260852555
1037	0	Squatina_crassa	42.9286854451222	36.9966596964222
1038	0	Squatina_decipiens	122.337234716033	93.8693275099222
1039	0	Squatina_dumeril	4.89215922893333	0.0
1040	0	Squatina_hassei	91.6736799393555	66.0626476523555
1041	0	Squatina_japonica	2.71231248446666	0.0
1042	0	Squatina_lerichei	26.7351687913444	10.8046562838333
1043	0	Squatina_muelleri	113.806189765988	93.2142512289777
1044	0	Squatina_occidentalis	22.9285796783666	11.5247097619444
1045	0	Squatina_prima	65.0158055456888	24.8692729975666
1046	0	Squatina_squatina	4.95453484539999	0.0
1047	0	Squatina_subserrata	26.1555777352777	4.4765553181
1048	0	Squatirhina_draytoni	100.430606782844	88.8719765596333
1049	0	Squatirhina_kannensis	90.3217870128	50.7902975398222
1050	0	Squatirhina_lonzeensis	99.5109767939888	72.1642968658777
1051	0	Squatirhina_thiesi	118.383317094844	85.0944349923555
1052	0	Squatiscyllium_nigeriensis	62.5814447666777	37.2828793335111
1053	0	Stegostoma_tigrinum	48.5280887819444	35.9577057890444
1054	0	Stenoscyllium_priemi	55.7407715456333	47.3264149204
1055	0	Striatolamia_apiculatus	82.8202359751999	8.22380363373333
1056	0	Striatolamia_cederstroemi	65.7839175339888	61.4942814614666
1057	0	Striatolamia_elegans	82.1331317870444	7.07664668033333
1058	0	Striatolamia_elegans_naja	56.8838403363666	47.0499177041888
1059	0	Striatolamia_macrota	93.8117276056222	2.9008660147
1060	0	Striatolamia_macrota_asiatica	56.7865946902333	43.7238915297222
1061	0	Striatolamia_macrota_macrota	54.1885653591888	36.7299845723111
1062	0	Striatolamia_macrota_paniseliensis	56.1757294652444	41.8241833832
1063	0	Striatolamia_macrota_prima	41.4160446148889	37.5367796557888
1064	0	Striatolamia_macrota_usakensis	55.059825858	28.4683028497888
1065	0	Striatolamia_rossica_rossica	55.6834645837222	33.3267920916444
1066	0	Striatolamia_sibirica	38.3801057144666	34.1756054350444
1067	0	Striatolamia_striata	83.2524260776111	27.2280738630222
1068	0	Striatolamia_striata_striata	65.7138585978222	53.7905221730555
1069	0	Striatolamia_tchelkarnurensis	38.3552891182888	33.9977030927111
1070	0	Striatolamia_whitei	69.0357877051666	26.1103999419999
1071	0	Subathunura_casieri	61.8341628907555	45.2546076177
1072	0	Sylvestrilamia_teretidens	65.8702692135555	3.57182065847777
1073	0	Synechodus_dereki	84.3155651966111	72.1428328215222
1074	0	Synechodus_dispar	115.303664583344	92.3854029585333
1075	0	Synechodus_dubrisiensis	133.5035445332	84.5097338740444
1076	0	Synechodus_faxensis	91.3407505506333	58.2568343466444
1077	0	Synechodus_hesbayensis	61.9073793286666	50.6865559569
1078	0	Synechodus_lerichei	87.2036698511333	66.6286268421111
1079	0	Synechodus_nitidus	140.069629229122	83.0186151024222
1080	0	Synechodus_subulatus	119.529846391766	45.6084973795555
1081	0	Synechodus_tenuis	123.951017646055	93.5934407620444
1082	0	Synechodus_turneri	83.7448140059222	66.5435098398111
1083	0	Taeniurops_cavernosus	28.6530238485555	5.77613736768888
1084	0	Taeniurops_grabatus	17.6180927463	4.59468426022222
1085	0	Tethylamna_dunni	54.0300298139666	37.0864002311555
1086	0	Tethytrygon_muricatus	55.3606249089888	48.4911207234111
1087	0	Texatrygon_brycensis	84.2842672102	72.9281713813444
1088	0	Texatrygon_copei	84.1790380723222	72.2371784778888
1089	0	Texatrygon_hooveri	98.0635921148222	66.6299635805777
1090	0	Tingaleus_dakkai	60.1573130490888	55.7476340564444
1091	0	Titanonarke_molini	55.4116584739555	48.7503564316555
1092	0	Tobolamna_tobolensis	38.2646054599444	33.7041656948555
1093	0	Tomewingia_problematica	72.1934073745555	66.3733178477777
1094	0	Torpedo_acarinata	51.0787728350333	38.9259660576888
1095	0	Torpedo_dormaalensis	60.5536346348888	55.1804758065444
1096	0	Torpedo_pessanti	55.7626976902777	38.1944956948333
1097	0	Triaenodon_obesus	22.7587101340888	0.0
1098	0	Triakis_antunesi	66.0954604658444	50.8518290364555
1099	0	Triakis_cabindensis	60.9977002526333	55.6700164628666
1100	0	Triakis_chalossensis	54.1791045778444	39.8139557455222
1101	0	Triakis_kelleri	34.5977957223888	26.2836622507888
1102	0	Triakis_muelleri	49.9449939794	37.6341882472666
1103	0	Triakis_semifasciata	3.40795055282222	0.0
1104	0	Triakis_tanoutensis	67.5242680085	60.8193394821333
1105	0	Triakis_wardi	58.0221832058111	32.4721838148666
1106	0	Trigonognathus_virginiae	50.1060104419777	39.6986425548
1107	0	Trigonotodus_tusbairicus	56.4372343071222	33.1086890494333
1108	0	Truyolsodontos_estauni	100.723759356655	90.5302639638444
1109	0	Truyolsodontos_magnus	100.502257121844	93.6492611386111
1110	0	Turoniabatis_cappettai	109.676739570688	86.3095991226
1111	0	Urobatis_halleri	3.32531631784444	0.0
1112	0	Urolophus_cruciatus	36.7978081537555	0.0
1113	0	Usakias_wardi	46.9902287405777	36.6863203056
1114	0	Vascobatis_albaitensis	71.4700591831222	66.2286193074444
1115	0	Walteraja_exigua	73.2533286475666	66.4329979722888
1116	0	Weissobatis_oligocaena	34.4410742173333	23.4314243480666
1117	0	Welcommia_bodeuri	141.454129948955	131.798194915366
1118	0	Weltonia_burnhamensis	56.2545661957889	39.9327428435777
1119	0	Woellsteinia_kozlovi	55.8343440552666	36.0017623436555
1120	0	Xampylodon_dentatus	105.871872835444	65.9736010537555
1121	0	Xiphodolamia_ensis	55.8955244692222	33.8630039283222
1122	0	Xiphodolamia_eocaena	58.5496625112555	3.67944101391111
1123	0	Xiphodolamia_serrata	38.490603715	33.7586225801333
1124	0	Xystrogaleus_cappettai	49.5215829583444	39.7791008584111
1125	0	Youssoubatis_ganntourensis	72.2328328104222	59.5755222167889
1126	0	Zameus_squamulosus	25.6738092762444	0.0
